[Main]
Walls=4
Acorns=4
Tunnels=2
Moles=4
[Wall0]
X0=9.000000
Y0=9.000000
X1=11.000000
Y1=569.000000
[Wall1]
X0=11.000000
Y0=569.000000
X1=789.000000
Y1=569.000000
[Wall2]
X0=789.000000
Y0=569.000000
X1=789.000000
Y1=9.000000
[Wall3]
X0=789.000000
Y0=9.000000
X1=9.000000
Y1=9.000000
[Acorn0]
X=174.000000
Y=139.000000
[Acorn1]
X=177.000000
Y=374.000000
[Acorn2]
X=602.000000
Y=381.000000
[Acorn3]
X=595.000000
Y=135.000000
[Tunnel0]
X=391.000000
Y=31.000000
[Tunnel1]
X=401.000000
Y=544.000000
[Mole0]
X=35.000000
Y=36.000000
Heading=2.279423
[Mole1]
X=36.000000
Y=545.000000
Heading=0.811708
[Mole2]
X=766.000000
Y=545.000000
Heading=-0.742871
[Mole3]
X=768.000000
Y=33.000000
Heading=-2.330113
